{
 "cells": [
  {
   "cell_type": "markdown",
   "id": "99f615a6",
   "metadata": {},
   "source": [
    "# Canadian ETF Selection \n",
    "## Data Analysis Using Python\n",
    "<hr style=\"border:1px solid gray\">\n",
    "\n",
    "## Project Objective\n",
    "\n",
    "The primary goal of this project is to analyze Canadian exchange-traded funds (ETF) that track the different sectors of the Toronto Stock Exchange (TSE) to find the ETF with the best potential based on both risk and return. The ETF's will be compared with each other as well as compared to the S&P/TSX Composite Index, which is the benchmark Canadian index that represents around 70% of the total market capitalization of the TSE. \n",
    "\n",
    "We will also look at how each sector ETF is correlated with this index, and how this can potentially affect any investment decisions.\n",
    "\n",
    "## Data\n",
    "\n",
    "The ETF and index data will be downloaded from Yahoo Finance using the yfinance Python library. The data will then be analyzed using Python.\n",
    "<hr style=\"border:1px solid gray\">\n",
    "\n",
    "### Preliminaries\n"
   ]
  },
  {
   "cell_type": "code",
   "execution_count": 4,
   "id": "444518bd",
   "metadata": {},
   "outputs": [],
   "source": [
    "# Import packages required.\n",
    "import yfinance as yf\n",
    "import numpy as np\n",
    "import pandas as pd\n",
    "import matplotlib.pyplot as plt"
   ]
  },
  {
   "cell_type": "markdown",
   "id": "16359f85",
   "metadata": {},
   "source": [
    "They all have .TO at the end\\\n",
    "XIU – tracks the S&P/TSX 60 Total Return Index - 60 large companies listed on the Toronto Stock Exchange\\\n",
    "XIC – tracks the S&P/TSX Capped Composite Index\\\n",
    "XMD – tracks the S&P/TSX MidCap Index\\\n",
    "XCS – tracks the S&P/TSX SmallCap Index\\\n",
    "XEG – tracks the S&P/TSX Capped Energy Index\\\n",
    "XIT – tracks the S&P/TSX Capped Information Technology Index\\\n",
    "XGD – tracks the S&P/TSX Capped Gold Index\\\n",
    "XFN – tracks the S&P/TSX Capped Financials Index\\\n",
    "XMA – tracks the S&P/TSX Capped Materials Index\\\n",
    "XRE – tracks the S&P/TSX Capped Real Estate Investment Trust Index\\\n",
    "XUT - tracks Capped Utilities Index ETF\\\n",
    "XST - tracks Capped Consumer Staples Index ETF"
   ]
  },
  {
   "cell_type": "code",
   "execution_count": 5,
   "id": "db215686",
   "metadata": {},
   "outputs": [],
   "source": [
    "tickers = ['^GSPTSE', 'XIU.TO', 'XIC.TO', 'XMD.TO', 'XCS.TO', 'XEG.TO', 'XIT.TO', 'XGD.TO', 'XFN.TO', 'XMA.TO'\\\n",
    "           , 'XRE.TO', 'XUT.TO', 'XST.TO']"
   ]
  },
  {
   "cell_type": "code",
   "execution_count": 6,
   "id": "43fd1a19",
   "metadata": {},
   "outputs": [
    {
     "name": "stdout",
     "output_type": "stream",
     "text": [
      "[*********************100%***********************]  13 of 13 completed\n"
     ]
    }
   ],
   "source": [
    "df = yf.download(tickers, start='2015-01-01')['Adj Close']"
   ]
  },
  {
   "cell_type": "code",
   "execution_count": 7,
   "id": "4e5871d4",
   "metadata": {},
   "outputs": [],
   "source": [
    "df = df.pct_change()"
   ]
  },
  {
   "cell_type": "code",
   "execution_count": 8,
   "id": "4453f00e",
   "metadata": {},
   "outputs": [
    {
     "data": {
      "text/plain": [
       "XIT.TO     0.000691\n",
       "XGD.TO     0.000547\n",
       "XEG.TO     0.000428\n",
       "XST.TO     0.000372\n",
       "XMA.TO     0.000365\n",
       "XFN.TO     0.000358\n",
       "XIU.TO     0.000326\n",
       "XUT.TO     0.000311\n",
       "XIC.TO     0.000311\n",
       "XMD.TO     0.000256\n",
       "XRE.TO     0.000245\n",
       "XCS.TO     0.000214\n",
       "^GSPTSE    0.000198\n",
       "dtype: float64"
      ]
     },
     "execution_count": 8,
     "metadata": {},
     "output_type": "execute_result"
    }
   ],
   "source": [
    "# Mean daily returns\n",
    "df.mean().nlargest(len(df))"
   ]
  },
  {
   "cell_type": "code",
   "execution_count": 9,
   "id": "788c01b7",
   "metadata": {},
   "outputs": [
    {
     "data": {
      "text/plain": [
       "XST.TO     0.009569\n",
       "XIC.TO     0.009785\n",
       "^GSPTSE    0.009867\n",
       "XIU.TO     0.009934\n",
       "XMD.TO     0.010498\n",
       "XFN.TO     0.010958\n",
       "XUT.TO     0.011008\n",
       "XRE.TO     0.011053\n",
       "XCS.TO     0.012868\n",
       "XIT.TO     0.015641\n",
       "XMA.TO     0.016518\n",
       "XGD.TO     0.022090\n",
       "XEG.TO     0.022551\n",
       "dtype: float64"
      ]
     },
     "execution_count": 9,
     "metadata": {},
     "output_type": "execute_result"
    }
   ],
   "source": [
    "# Standard deviation\n",
    "df.std().nsmallest(len(df))"
   ]
  },
  {
   "cell_type": "code",
   "execution_count": 10,
   "id": "97ec53da",
   "metadata": {},
   "outputs": [
    {
     "data": {
      "text/plain": [
       "XIT.TO     0.044200\n",
       "XST.TO     0.038861\n",
       "XIU.TO     0.032812\n",
       "XFN.TO     0.032629\n",
       "XIC.TO     0.031734\n",
       "XUT.TO     0.028216\n",
       "XGD.TO     0.024752\n",
       "XMD.TO     0.024431\n",
       "XRE.TO     0.022206\n",
       "XMA.TO     0.022100\n",
       "^GSPTSE    0.020055\n",
       "XEG.TO     0.018965\n",
       "XCS.TO     0.016668\n",
       "dtype: float64"
      ]
     },
     "execution_count": 10,
     "metadata": {},
     "output_type": "execute_result"
    }
   ],
   "source": [
    "# Sharpe ratio\n",
    "(df.mean() / df.std()).nlargest(len(df))"
   ]
  },
  {
   "cell_type": "code",
   "execution_count": 11,
   "id": "a261cd6b",
   "metadata": {},
   "outputs": [
    {
     "data": {
      "text/html": [
       "<div>\n",
       "<style scoped>\n",
       "    .dataframe tbody tr th:only-of-type {\n",
       "        vertical-align: middle;\n",
       "    }\n",
       "\n",
       "    .dataframe tbody tr th {\n",
       "        vertical-align: top;\n",
       "    }\n",
       "\n",
       "    .dataframe thead th {\n",
       "        text-align: right;\n",
       "    }\n",
       "</style>\n",
       "<table border=\"1\" class=\"dataframe\">\n",
       "  <thead>\n",
       "    <tr style=\"text-align: right;\">\n",
       "      <th></th>\n",
       "      <th>XCS.TO</th>\n",
       "      <th>XEG.TO</th>\n",
       "      <th>XFN.TO</th>\n",
       "      <th>XGD.TO</th>\n",
       "      <th>XIC.TO</th>\n",
       "      <th>XIT.TO</th>\n",
       "      <th>XIU.TO</th>\n",
       "      <th>XMA.TO</th>\n",
       "      <th>XMD.TO</th>\n",
       "      <th>XRE.TO</th>\n",
       "      <th>XST.TO</th>\n",
       "      <th>XUT.TO</th>\n",
       "      <th>^GSPTSE</th>\n",
       "    </tr>\n",
       "    <tr>\n",
       "      <th>Date</th>\n",
       "      <th></th>\n",
       "      <th></th>\n",
       "      <th></th>\n",
       "      <th></th>\n",
       "      <th></th>\n",
       "      <th></th>\n",
       "      <th></th>\n",
       "      <th></th>\n",
       "      <th></th>\n",
       "      <th></th>\n",
       "      <th></th>\n",
       "      <th></th>\n",
       "      <th></th>\n",
       "    </tr>\n",
       "  </thead>\n",
       "  <tbody>\n",
       "    <tr>\n",
       "      <th>2015-01-02</th>\n",
       "      <td>NaN</td>\n",
       "      <td>NaN</td>\n",
       "      <td>NaN</td>\n",
       "      <td>NaN</td>\n",
       "      <td>NaN</td>\n",
       "      <td>NaN</td>\n",
       "      <td>NaN</td>\n",
       "      <td>NaN</td>\n",
       "      <td>NaN</td>\n",
       "      <td>NaN</td>\n",
       "      <td>NaN</td>\n",
       "      <td>NaN</td>\n",
       "      <td>NaN</td>\n",
       "    </tr>\n",
       "    <tr>\n",
       "      <th>2015-01-05</th>\n",
       "      <td>-0.008125</td>\n",
       "      <td>-0.064266</td>\n",
       "      <td>-0.021438</td>\n",
       "      <td>0.024390</td>\n",
       "      <td>-0.025674</td>\n",
       "      <td>-0.014617</td>\n",
       "      <td>-0.026292</td>\n",
       "      <td>-0.004938</td>\n",
       "      <td>-0.015716</td>\n",
       "      <td>0.010526</td>\n",
       "      <td>-0.018698</td>\n",
       "      <td>-0.001899</td>\n",
       "      <td>-0.024468</td>\n",
       "    </tr>\n",
       "    <tr>\n",
       "      <th>2015-01-06</th>\n",
       "      <td>-0.014895</td>\n",
       "      <td>-0.075565</td>\n",
       "      <td>-0.036255</td>\n",
       "      <td>0.085896</td>\n",
       "      <td>-0.034660</td>\n",
       "      <td>-0.028375</td>\n",
       "      <td>-0.034595</td>\n",
       "      <td>0.027983</td>\n",
       "      <td>-0.029363</td>\n",
       "      <td>0.021671</td>\n",
       "      <td>-0.044605</td>\n",
       "      <td>-0.008547</td>\n",
       "      <td>-0.034358</td>\n",
       "    </tr>\n",
       "    <tr>\n",
       "      <th>2015-01-07</th>\n",
       "      <td>-0.008802</td>\n",
       "      <td>-0.084040</td>\n",
       "      <td>-0.034048</td>\n",
       "      <td>0.071050</td>\n",
       "      <td>-0.032948</td>\n",
       "      <td>-0.022356</td>\n",
       "      <td>-0.031827</td>\n",
       "      <td>0.023868</td>\n",
       "      <td>-0.026055</td>\n",
       "      <td>0.052631</td>\n",
       "      <td>-0.031539</td>\n",
       "      <td>0.000476</td>\n",
       "      <td>-0.031768</td>\n",
       "    </tr>\n",
       "    <tr>\n",
       "      <th>2015-01-08</th>\n",
       "      <td>-0.013541</td>\n",
       "      <td>-0.067797</td>\n",
       "      <td>-0.029319</td>\n",
       "      <td>0.050901</td>\n",
       "      <td>-0.020967</td>\n",
       "      <td>-0.007739</td>\n",
       "      <td>-0.017990</td>\n",
       "      <td>0.024691</td>\n",
       "      <td>-0.019851</td>\n",
       "      <td>0.058204</td>\n",
       "      <td>-0.029061</td>\n",
       "      <td>0.004749</td>\n",
       "      <td>-0.020063</td>\n",
       "    </tr>\n",
       "    <tr>\n",
       "      <th>...</th>\n",
       "      <td>...</td>\n",
       "      <td>...</td>\n",
       "      <td>...</td>\n",
       "      <td>...</td>\n",
       "      <td>...</td>\n",
       "      <td>...</td>\n",
       "      <td>...</td>\n",
       "      <td>...</td>\n",
       "      <td>...</td>\n",
       "      <td>...</td>\n",
       "      <td>...</td>\n",
       "      <td>...</td>\n",
       "      <td>...</td>\n",
       "    </tr>\n",
       "    <tr>\n",
       "      <th>2023-08-03</th>\n",
       "      <td>0.331522</td>\n",
       "      <td>0.403056</td>\n",
       "      <td>0.881269</td>\n",
       "      <td>0.908219</td>\n",
       "      <td>0.742453</td>\n",
       "      <td>2.426689</td>\n",
       "      <td>0.791605</td>\n",
       "      <td>0.624491</td>\n",
       "      <td>0.542899</td>\n",
       "      <td>0.480640</td>\n",
       "      <td>0.953457</td>\n",
       "      <td>0.672552</td>\n",
       "      <td>0.363773</td>\n",
       "    </tr>\n",
       "    <tr>\n",
       "      <th>2023-08-04</th>\n",
       "      <td>0.344793</td>\n",
       "      <td>0.415441</td>\n",
       "      <td>0.897866</td>\n",
       "      <td>0.936413</td>\n",
       "      <td>0.751698</td>\n",
       "      <td>2.393443</td>\n",
       "      <td>0.802161</td>\n",
       "      <td>0.644864</td>\n",
       "      <td>0.550309</td>\n",
       "      <td>0.488826</td>\n",
       "      <td>0.965791</td>\n",
       "      <td>0.694601</td>\n",
       "      <td>0.371588</td>\n",
       "    </tr>\n",
       "    <tr>\n",
       "      <th>2023-08-08</th>\n",
       "      <td>0.337420</td>\n",
       "      <td>0.429596</td>\n",
       "      <td>0.889567</td>\n",
       "      <td>0.912730</td>\n",
       "      <td>0.750067</td>\n",
       "      <td>2.368701</td>\n",
       "      <td>0.799228</td>\n",
       "      <td>0.636006</td>\n",
       "      <td>0.543887</td>\n",
       "      <td>0.484278</td>\n",
       "      <td>0.973855</td>\n",
       "      <td>0.693304</td>\n",
       "      <td>0.369555</td>\n",
       "    </tr>\n",
       "    <tr>\n",
       "      <th>2023-08-09</th>\n",
       "      <td>0.333734</td>\n",
       "      <td>0.443750</td>\n",
       "      <td>0.885418</td>\n",
       "      <td>0.921752</td>\n",
       "      <td>0.756049</td>\n",
       "      <td>2.374114</td>\n",
       "      <td>0.808025</td>\n",
       "      <td>0.644864</td>\n",
       "      <td>0.550804</td>\n",
       "      <td>0.487007</td>\n",
       "      <td>0.994016</td>\n",
       "      <td>0.706275</td>\n",
       "      <td>0.374252</td>\n",
       "    </tr>\n",
       "    <tr>\n",
       "      <th>2023-08-10</th>\n",
       "      <td>0.325624</td>\n",
       "      <td>0.441981</td>\n",
       "      <td>0.900355</td>\n",
       "      <td>0.925136</td>\n",
       "      <td>0.761487</td>\n",
       "      <td>2.412772</td>\n",
       "      <td>0.815649</td>\n",
       "      <td>0.638664</td>\n",
       "      <td>0.542405</td>\n",
       "      <td>0.485188</td>\n",
       "      <td>1.021055</td>\n",
       "      <td>0.714057</td>\n",
       "      <td>0.378832</td>\n",
       "    </tr>\n",
       "  </tbody>\n",
       "</table>\n",
       "<p>2160 rows × 13 columns</p>\n",
       "</div>"
      ],
      "text/plain": [
       "              XCS.TO    XEG.TO    XFN.TO    XGD.TO    XIC.TO    XIT.TO  \\\n",
       "Date                                                                     \n",
       "2015-01-02       NaN       NaN       NaN       NaN       NaN       NaN   \n",
       "2015-01-05 -0.008125 -0.064266 -0.021438  0.024390 -0.025674 -0.014617   \n",
       "2015-01-06 -0.014895 -0.075565 -0.036255  0.085896 -0.034660 -0.028375   \n",
       "2015-01-07 -0.008802 -0.084040 -0.034048  0.071050 -0.032948 -0.022356   \n",
       "2015-01-08 -0.013541 -0.067797 -0.029319  0.050901 -0.020967 -0.007739   \n",
       "...              ...       ...       ...       ...       ...       ...   \n",
       "2023-08-03  0.331522  0.403056  0.881269  0.908219  0.742453  2.426689   \n",
       "2023-08-04  0.344793  0.415441  0.897866  0.936413  0.751698  2.393443   \n",
       "2023-08-08  0.337420  0.429596  0.889567  0.912730  0.750067  2.368701   \n",
       "2023-08-09  0.333734  0.443750  0.885418  0.921752  0.756049  2.374114   \n",
       "2023-08-10  0.325624  0.441981  0.900355  0.925136  0.761487  2.412772   \n",
       "\n",
       "              XIU.TO    XMA.TO    XMD.TO    XRE.TO    XST.TO    XUT.TO  \\\n",
       "Date                                                                     \n",
       "2015-01-02       NaN       NaN       NaN       NaN       NaN       NaN   \n",
       "2015-01-05 -0.026292 -0.004938 -0.015716  0.010526 -0.018698 -0.001899   \n",
       "2015-01-06 -0.034595  0.027983 -0.029363  0.021671 -0.044605 -0.008547   \n",
       "2015-01-07 -0.031827  0.023868 -0.026055  0.052631 -0.031539  0.000476   \n",
       "2015-01-08 -0.017990  0.024691 -0.019851  0.058204 -0.029061  0.004749   \n",
       "...              ...       ...       ...       ...       ...       ...   \n",
       "2023-08-03  0.791605  0.624491  0.542899  0.480640  0.953457  0.672552   \n",
       "2023-08-04  0.802161  0.644864  0.550309  0.488826  0.965791  0.694601   \n",
       "2023-08-08  0.799228  0.636006  0.543887  0.484278  0.973855  0.693304   \n",
       "2023-08-09  0.808025  0.644864  0.550804  0.487007  0.994016  0.706275   \n",
       "2023-08-10  0.815649  0.638664  0.542405  0.485188  1.021055  0.714057   \n",
       "\n",
       "             ^GSPTSE  \n",
       "Date                  \n",
       "2015-01-02       NaN  \n",
       "2015-01-05 -0.024468  \n",
       "2015-01-06 -0.034358  \n",
       "2015-01-07 -0.031768  \n",
       "2015-01-08 -0.020063  \n",
       "...              ...  \n",
       "2023-08-03  0.363773  \n",
       "2023-08-04  0.371588  \n",
       "2023-08-08  0.369555  \n",
       "2023-08-09  0.374252  \n",
       "2023-08-10  0.378832  \n",
       "\n",
       "[2160 rows x 13 columns]"
      ]
     },
     "execution_count": 11,
     "metadata": {},
     "output_type": "execute_result"
    }
   ],
   "source": [
    "(df + 1).cumprod() - 1"
   ]
  },
  {
   "cell_type": "code",
   "execution_count": 12,
   "id": "b11338e5",
   "metadata": {},
   "outputs": [
    {
     "data": {
      "text/plain": [
       "XIT.TO     2.374114\n",
       "XST.TO     0.994016\n",
       "XGD.TO     0.921752\n",
       "XFN.TO     0.885418\n",
       "XIU.TO     0.808025\n",
       "XIC.TO     0.756049\n",
       "XUT.TO     0.706275\n",
       "XMA.TO     0.644864\n",
       "XMD.TO     0.550804\n",
       "XRE.TO     0.487007\n",
       "XEG.TO     0.443750\n",
       "^GSPTSE    0.374252\n",
       "XCS.TO     0.333734\n",
       "Name: 2023-08-09 00:00:00, dtype: float64"
      ]
     },
     "execution_count": 12,
     "metadata": {},
     "output_type": "execute_result"
    }
   ],
   "source": [
    "((df + 1).cumprod() - 1).loc['2023-08-09'].nlargest(len(df))"
   ]
  },
  {
   "cell_type": "markdown",
   "id": "2d079a35",
   "metadata": {},
   "source": [
    "### Findings: \n",
    "\n",
    "- XIT has the highest Sharpe ratio and cumulative returns, followed by XST (Capped Consumer Staples Index ETF)\n",
    "- XGD (S&P/TSX Capped Gold Index) is consistently the most uncorrelated to market, except during critical events such as covid.\n",
    "- For most correlated, the two ETF's are XIC and XIU, with XIU being the better investment in terms of Sharpe ratio, mean daily returns, and cumulated returns. XIC only a slightly less risk as seen from standard deviation. If wanting to track index, XIU is the one to choose.\n",
    "- In critical events, all sectors head towards a correlation of one, meaning if there is a market crash, all sectors also crash. "
   ]
  },
  {
   "cell_type": "code",
   "execution_count": 13,
   "id": "64ede59e",
   "metadata": {},
   "outputs": [
    {
     "data": {
      "text/html": [
       "<div>\n",
       "<style scoped>\n",
       "    .dataframe tbody tr th:only-of-type {\n",
       "        vertical-align: middle;\n",
       "    }\n",
       "\n",
       "    .dataframe tbody tr th {\n",
       "        vertical-align: top;\n",
       "    }\n",
       "\n",
       "    .dataframe thead th {\n",
       "        text-align: right;\n",
       "    }\n",
       "</style>\n",
       "<table border=\"1\" class=\"dataframe\">\n",
       "  <thead>\n",
       "    <tr style=\"text-align: right;\">\n",
       "      <th></th>\n",
       "      <th>XCS.TO</th>\n",
       "      <th>XEG.TO</th>\n",
       "      <th>XFN.TO</th>\n",
       "      <th>XGD.TO</th>\n",
       "      <th>XIC.TO</th>\n",
       "      <th>XIT.TO</th>\n",
       "      <th>XIU.TO</th>\n",
       "      <th>XMA.TO</th>\n",
       "      <th>XMD.TO</th>\n",
       "      <th>XRE.TO</th>\n",
       "      <th>XST.TO</th>\n",
       "      <th>XUT.TO</th>\n",
       "      <th>^GSPTSE</th>\n",
       "    </tr>\n",
       "  </thead>\n",
       "  <tbody>\n",
       "    <tr>\n",
       "      <th>XCS.TO</th>\n",
       "      <td>1.000000</td>\n",
       "      <td>0.681363</td>\n",
       "      <td>0.613965</td>\n",
       "      <td>0.443306</td>\n",
       "      <td>0.802886</td>\n",
       "      <td>0.444983</td>\n",
       "      <td>0.748833</td>\n",
       "      <td>0.660258</td>\n",
       "      <td>0.880797</td>\n",
       "      <td>0.589124</td>\n",
       "      <td>0.355464</td>\n",
       "      <td>0.536671</td>\n",
       "      <td>0.802274</td>\n",
       "    </tr>\n",
       "    <tr>\n",
       "      <th>XEG.TO</th>\n",
       "      <td>0.681363</td>\n",
       "      <td>1.000000</td>\n",
       "      <td>0.612783</td>\n",
       "      <td>0.063913</td>\n",
       "      <td>0.714146</td>\n",
       "      <td>0.235899</td>\n",
       "      <td>0.700505</td>\n",
       "      <td>0.305239</td>\n",
       "      <td>0.677771</td>\n",
       "      <td>0.410054</td>\n",
       "      <td>0.246879</td>\n",
       "      <td>0.394609</td>\n",
       "      <td>0.715018</td>\n",
       "    </tr>\n",
       "    <tr>\n",
       "      <th>XFN.TO</th>\n",
       "      <td>0.613965</td>\n",
       "      <td>0.612783</td>\n",
       "      <td>1.000000</td>\n",
       "      <td>-0.030739</td>\n",
       "      <td>0.890828</td>\n",
       "      <td>0.462366</td>\n",
       "      <td>0.901939</td>\n",
       "      <td>0.226425</td>\n",
       "      <td>0.746988</td>\n",
       "      <td>0.636858</td>\n",
       "      <td>0.528902</td>\n",
       "      <td>0.651923</td>\n",
       "      <td>0.890216</td>\n",
       "    </tr>\n",
       "    <tr>\n",
       "      <th>XGD.TO</th>\n",
       "      <td>0.443306</td>\n",
       "      <td>0.063913</td>\n",
       "      <td>-0.030739</td>\n",
       "      <td>1.000000</td>\n",
       "      <td>0.227492</td>\n",
       "      <td>0.063050</td>\n",
       "      <td>0.186250</td>\n",
       "      <td>0.890759</td>\n",
       "      <td>0.313848</td>\n",
       "      <td>0.123468</td>\n",
       "      <td>0.026618</td>\n",
       "      <td>0.158109</td>\n",
       "      <td>0.227435</td>\n",
       "    </tr>\n",
       "    <tr>\n",
       "      <th>XIC.TO</th>\n",
       "      <td>0.802886</td>\n",
       "      <td>0.714146</td>\n",
       "      <td>0.890828</td>\n",
       "      <td>0.227492</td>\n",
       "      <td>1.000000</td>\n",
       "      <td>0.608613</td>\n",
       "      <td>0.990495</td>\n",
       "      <td>0.501168</td>\n",
       "      <td>0.891325</td>\n",
       "      <td>0.667057</td>\n",
       "      <td>0.586299</td>\n",
       "      <td>0.711340</td>\n",
       "      <td>0.996388</td>\n",
       "    </tr>\n",
       "    <tr>\n",
       "      <th>XIT.TO</th>\n",
       "      <td>0.444983</td>\n",
       "      <td>0.235899</td>\n",
       "      <td>0.462366</td>\n",
       "      <td>0.063050</td>\n",
       "      <td>0.608613</td>\n",
       "      <td>1.000000</td>\n",
       "      <td>0.600613</td>\n",
       "      <td>0.227363</td>\n",
       "      <td>0.536666</td>\n",
       "      <td>0.374884</td>\n",
       "      <td>0.407680</td>\n",
       "      <td>0.382083</td>\n",
       "      <td>0.606213</td>\n",
       "    </tr>\n",
       "    <tr>\n",
       "      <th>XIU.TO</th>\n",
       "      <td>0.748833</td>\n",
       "      <td>0.700505</td>\n",
       "      <td>0.901939</td>\n",
       "      <td>0.186250</td>\n",
       "      <td>0.990495</td>\n",
       "      <td>0.600613</td>\n",
       "      <td>1.000000</td>\n",
       "      <td>0.460968</td>\n",
       "      <td>0.844704</td>\n",
       "      <td>0.634956</td>\n",
       "      <td>0.597048</td>\n",
       "      <td>0.701211</td>\n",
       "      <td>0.990248</td>\n",
       "    </tr>\n",
       "    <tr>\n",
       "      <th>XMA.TO</th>\n",
       "      <td>0.660258</td>\n",
       "      <td>0.305239</td>\n",
       "      <td>0.226425</td>\n",
       "      <td>0.890759</td>\n",
       "      <td>0.501168</td>\n",
       "      <td>0.227363</td>\n",
       "      <td>0.460968</td>\n",
       "      <td>1.000000</td>\n",
       "      <td>0.559750</td>\n",
       "      <td>0.261711</td>\n",
       "      <td>0.165365</td>\n",
       "      <td>0.289832</td>\n",
       "      <td>0.501940</td>\n",
       "    </tr>\n",
       "    <tr>\n",
       "      <th>XMD.TO</th>\n",
       "      <td>0.880797</td>\n",
       "      <td>0.677771</td>\n",
       "      <td>0.746988</td>\n",
       "      <td>0.313848</td>\n",
       "      <td>0.891325</td>\n",
       "      <td>0.536666</td>\n",
       "      <td>0.844704</td>\n",
       "      <td>0.559750</td>\n",
       "      <td>1.000000</td>\n",
       "      <td>0.690884</td>\n",
       "      <td>0.479893</td>\n",
       "      <td>0.665361</td>\n",
       "      <td>0.894520</td>\n",
       "    </tr>\n",
       "    <tr>\n",
       "      <th>XRE.TO</th>\n",
       "      <td>0.589124</td>\n",
       "      <td>0.410054</td>\n",
       "      <td>0.636858</td>\n",
       "      <td>0.123468</td>\n",
       "      <td>0.667057</td>\n",
       "      <td>0.374884</td>\n",
       "      <td>0.634956</td>\n",
       "      <td>0.261711</td>\n",
       "      <td>0.690884</td>\n",
       "      <td>1.000000</td>\n",
       "      <td>0.453274</td>\n",
       "      <td>0.658447</td>\n",
       "      <td>0.668318</td>\n",
       "    </tr>\n",
       "    <tr>\n",
       "      <th>XST.TO</th>\n",
       "      <td>0.355464</td>\n",
       "      <td>0.246879</td>\n",
       "      <td>0.528902</td>\n",
       "      <td>0.026618</td>\n",
       "      <td>0.586299</td>\n",
       "      <td>0.407680</td>\n",
       "      <td>0.597048</td>\n",
       "      <td>0.165365</td>\n",
       "      <td>0.479893</td>\n",
       "      <td>0.453274</td>\n",
       "      <td>1.000000</td>\n",
       "      <td>0.561186</td>\n",
       "      <td>0.584581</td>\n",
       "    </tr>\n",
       "    <tr>\n",
       "      <th>XUT.TO</th>\n",
       "      <td>0.536671</td>\n",
       "      <td>0.394609</td>\n",
       "      <td>0.651923</td>\n",
       "      <td>0.158109</td>\n",
       "      <td>0.711340</td>\n",
       "      <td>0.382083</td>\n",
       "      <td>0.701211</td>\n",
       "      <td>0.289832</td>\n",
       "      <td>0.665361</td>\n",
       "      <td>0.658447</td>\n",
       "      <td>0.561186</td>\n",
       "      <td>1.000000</td>\n",
       "      <td>0.714265</td>\n",
       "    </tr>\n",
       "    <tr>\n",
       "      <th>^GSPTSE</th>\n",
       "      <td>0.802274</td>\n",
       "      <td>0.715018</td>\n",
       "      <td>0.890216</td>\n",
       "      <td>0.227435</td>\n",
       "      <td>0.996388</td>\n",
       "      <td>0.606213</td>\n",
       "      <td>0.990248</td>\n",
       "      <td>0.501940</td>\n",
       "      <td>0.894520</td>\n",
       "      <td>0.668318</td>\n",
       "      <td>0.584581</td>\n",
       "      <td>0.714265</td>\n",
       "      <td>1.000000</td>\n",
       "    </tr>\n",
       "  </tbody>\n",
       "</table>\n",
       "</div>"
      ],
      "text/plain": [
       "           XCS.TO    XEG.TO    XFN.TO    XGD.TO    XIC.TO    XIT.TO    XIU.TO  \\\n",
       "XCS.TO   1.000000  0.681363  0.613965  0.443306  0.802886  0.444983  0.748833   \n",
       "XEG.TO   0.681363  1.000000  0.612783  0.063913  0.714146  0.235899  0.700505   \n",
       "XFN.TO   0.613965  0.612783  1.000000 -0.030739  0.890828  0.462366  0.901939   \n",
       "XGD.TO   0.443306  0.063913 -0.030739  1.000000  0.227492  0.063050  0.186250   \n",
       "XIC.TO   0.802886  0.714146  0.890828  0.227492  1.000000  0.608613  0.990495   \n",
       "XIT.TO   0.444983  0.235899  0.462366  0.063050  0.608613  1.000000  0.600613   \n",
       "XIU.TO   0.748833  0.700505  0.901939  0.186250  0.990495  0.600613  1.000000   \n",
       "XMA.TO   0.660258  0.305239  0.226425  0.890759  0.501168  0.227363  0.460968   \n",
       "XMD.TO   0.880797  0.677771  0.746988  0.313848  0.891325  0.536666  0.844704   \n",
       "XRE.TO   0.589124  0.410054  0.636858  0.123468  0.667057  0.374884  0.634956   \n",
       "XST.TO   0.355464  0.246879  0.528902  0.026618  0.586299  0.407680  0.597048   \n",
       "XUT.TO   0.536671  0.394609  0.651923  0.158109  0.711340  0.382083  0.701211   \n",
       "^GSPTSE  0.802274  0.715018  0.890216  0.227435  0.996388  0.606213  0.990248   \n",
       "\n",
       "           XMA.TO    XMD.TO    XRE.TO    XST.TO    XUT.TO   ^GSPTSE  \n",
       "XCS.TO   0.660258  0.880797  0.589124  0.355464  0.536671  0.802274  \n",
       "XEG.TO   0.305239  0.677771  0.410054  0.246879  0.394609  0.715018  \n",
       "XFN.TO   0.226425  0.746988  0.636858  0.528902  0.651923  0.890216  \n",
       "XGD.TO   0.890759  0.313848  0.123468  0.026618  0.158109  0.227435  \n",
       "XIC.TO   0.501168  0.891325  0.667057  0.586299  0.711340  0.996388  \n",
       "XIT.TO   0.227363  0.536666  0.374884  0.407680  0.382083  0.606213  \n",
       "XIU.TO   0.460968  0.844704  0.634956  0.597048  0.701211  0.990248  \n",
       "XMA.TO   1.000000  0.559750  0.261711  0.165365  0.289832  0.501940  \n",
       "XMD.TO   0.559750  1.000000  0.690884  0.479893  0.665361  0.894520  \n",
       "XRE.TO   0.261711  0.690884  1.000000  0.453274  0.658447  0.668318  \n",
       "XST.TO   0.165365  0.479893  0.453274  1.000000  0.561186  0.584581  \n",
       "XUT.TO   0.289832  0.665361  0.658447  0.561186  1.000000  0.714265  \n",
       "^GSPTSE  0.501940  0.894520  0.668318  0.584581  0.714265  1.000000  "
      ]
     },
     "execution_count": 13,
     "metadata": {},
     "output_type": "execute_result"
    }
   ],
   "source": [
    "df.corr()"
   ]
  },
  {
   "cell_type": "code",
   "execution_count": 14,
   "id": "29d55052",
   "metadata": {},
   "outputs": [
    {
     "data": {
      "text/plain": [
       "^GSPTSE    1.000000\n",
       "XIC.TO     0.996388\n",
       "XIU.TO     0.990248\n",
       "XMD.TO     0.894520\n",
       "XFN.TO     0.890216\n",
       "XCS.TO     0.802274\n",
       "XEG.TO     0.715018\n",
       "XUT.TO     0.714265\n",
       "XRE.TO     0.668318\n",
       "XIT.TO     0.606213\n",
       "XST.TO     0.584581\n",
       "XMA.TO     0.501940\n",
       "XGD.TO     0.227435\n",
       "Name: ^GSPTSE, dtype: float64"
      ]
     },
     "execution_count": 14,
     "metadata": {},
     "output_type": "execute_result"
    }
   ],
   "source": [
    "df.corr()['^GSPTSE'].nlargest(len(df))"
   ]
  },
  {
   "cell_type": "code",
   "execution_count": 15,
   "id": "23599b50",
   "metadata": {},
   "outputs": [
    {
     "data": {
      "text/plain": [
       "<AxesSubplot:>"
      ]
     },
     "execution_count": 15,
     "metadata": {},
     "output_type": "execute_result"
    },
    {
     "data": {
