{
 "cells": [
  {
   "cell_type": "markdown",
   "id": "aa46f66d",
   "metadata": {},
   "source": [
    "# Canadian ETF Selection \n",
    "## Data Analysis Using Python\n",
    "<hr style=\"border:1px solid gray\">\n",
    "\n",
    "## Project Objective\n",
    "\n",
    "The primary goal of this project is to analyze Canadian exchange-traded funds (ETF) that track the different sectors of the Toronto Stock Exchange (TSE) to find the ETF with the best potential based on both risk and return. The ETF's will be compared with each other as well as compared to the S&P/TSX Composite Index, which is the benchmark Canadian index that represents around 70% of the total market capitalization of the TSE. \n",
    "\n",
    "We will also look at how each sector ETF is correlated with this index, and how this can potentially affect any investment decisions.\n",
    "\n",
    "## Data\n",
    "\n",
    "The ETF and index data will be downloaded from Yahoo Finance using the yfinance Python library. The data will then be analyzed using Python.\n",
    "<hr style=\"border:1px solid gray\">\n",
    "\n",
    "### Preliminaries\n"
   ]
  },
  {
   "cell_type": "code",
   "execution_count": 2,
   "id": "444518bd",
   "metadata": {},
   "outputs": [],
   "source": [
    "# Import packages required.\n",
    "import yfinance as yf\n",
    "import numpy as np\n",
    "import pandas as pd\n",
    "import matplotlib.pyplot as plt"
   ]
  },
  {
   "cell_type": "markdown",
   "id": "16359f85",
   "metadata": {},
   "source": [
    "They all have .TO at the end\\\n",
    "XIU – tracks the S&P/TSX 60 Total Return Index - 60 large companies listed on the Toronto Stock Exchange\\\n",
    "XIC – tracks the S&P/TSX Capped Composite Index\\\n",
    "XMD – tracks the S&P/TSX MidCap Index\\\n",
    "XCS – tracks the S&P/TSX SmallCap Index\\\n",
    "XEG – tracks the S&P/TSX Capped Energy Index\\\n",
    "XIT – tracks the S&P/TSX Capped Information Technology Index\\\n",
    "XGD – tracks the S&P/TSX Capped Gold Index\\\n",
    "XFN – tracks the S&P/TSX Capped Financials Index\\\n",
    "XMA – tracks the S&P/TSX Capped Materials Index\\\n",
    "XRE – tracks the S&P/TSX Capped Real Estate Investment Trust Index\\\n",
    "XUT - tracks Capped Utilities Index ETF\\\n",
    "XST - tracks Capped Consumer Staples Index ETF"
   ]
  },
  {
   "cell_type": "code",
   "execution_count": 6,
   "id": "db215686",
   "metadata": {},
   "outputs": [],
   "source": [
    "tickers = ['^GSPTSE', 'XIU.TO', 'XIC.TO', 'XMD.TO', 'XCS.TO', 'XEG.TO', 'XIT.TO', 'XGD.TO', 'XFN.TO', 'XMA.TO'\\\n",
    "           , 'XRE.TO', 'XUT.TO', 'XST.TO']"
   ]
  },
  {
   "cell_type": "code",
   "execution_count": 192,
   "id": "43fd1a19",
   "metadata": {},
   "outputs": [
    {
     "name": "stdout",
     "output_type": "stream",
     "text": [
      "[*********************100%***********************]  13 of 13 completed\n"
     ]
    }
   ],
   "source": [
    "df = yf.download(tickers, start='2015-01-01')['Adj Close']"
   ]
  },
  {
   "cell_type": "code",
   "execution_count": 193,
   "id": "4e5871d4",
   "metadata": {},
   "outputs": [],
   "source": [
    "df = df.pct_change()"
   ]
  },
  {
   "cell_type": "code",
   "execution_count": 194,
   "id": "4453f00e",
   "metadata": {},
   "outputs": [
    {
     "data": {
      "text/plain": [
       "XIT.TO     0.000686\n",
       "XGD.TO     0.000546\n",
       "XEG.TO     0.000428\n",
       "XMA.TO     0.000367\n",
       "XST.TO     0.000366\n",
       "XFN.TO     0.000354\n",
       "XIU.TO     0.000324\n",
       "XIC.TO     0.000309\n",
       "XUT.TO     0.000309\n",
       "XMD.TO     0.000259\n",
       "XRE.TO     0.000246\n",
       "XCS.TO     0.000217\n",
       "^GSPTSE    0.000196\n",
       "dtype: float64"
      ]
     },
     "execution_count": 194,
     "metadata": {},
     "output_type": "execute_result"
    }
   ],
   "source": [
    "# Mean daily returns\n",
    "df.mean().nlargest(len(df))"
   ]
  },
  {
   "cell_type": "code",
   "execution_count": 195,
   "id": "788c01b7",
   "metadata": {},
   "outputs": [
    {
     "data": {
      "text/plain": [
       "XST.TO     0.009567\n",
       "XIC.TO     0.009787\n",
       "^GSPTSE    0.009869\n",
       "XIU.TO     0.009936\n",
       "XMD.TO     0.010500\n",
       "XFN.TO     0.010960\n",
       "XUT.TO     0.011010\n",
       "XRE.TO     0.011056\n",
       "XCS.TO     0.012870\n",
       "XIT.TO     0.015643\n",
       "XMA.TO     0.016521\n",
       "XGD.TO     0.022095\n",
       "XEG.TO     0.022556\n",
       "dtype: float64"
      ]
     },
     "execution_count": 195,
     "metadata": {},
     "output_type": "execute_result"
    }
   ],
   "source": [
    "# Standard deviation\n",
    "df.std().nsmallest(len(df))"
   ]
  },
  {
   "cell_type": "code",
   "execution_count": 196,
   "id": "97ec53da",
   "metadata": {},
   "outputs": [
    {
     "data": {
      "text/plain": [
       "XIT.TO     0.043876\n",
       "XST.TO     0.038230\n",
       "XIU.TO     0.032624\n",
       "XFN.TO     0.032305\n",
       "XIC.TO     0.031595\n",
       "XUT.TO     0.028031\n",
       "XGD.TO     0.024721\n",
       "XMD.TO     0.024678\n",
       "XRE.TO     0.022263\n",
       "XMA.TO     0.022212\n",
       "^GSPTSE    0.019904\n",
       "XEG.TO     0.018994\n",
       "XCS.TO     0.016892\n",
       "dtype: float64"
      ]
     },
     "execution_count": 196,
     "metadata": {},
     "output_type": "execute_result"
    }
   ],
   "source": [
    "# Sharpe ratio\n",
    "(df.mean() / df.std()).nlargest(len(df))"
   ]
  },
  {
   "cell_type": "code",
   "execution_count": 197,
   "id": "a261cd6b",
   "metadata": {},
   "outputs": [
    {
     "data": {
      "text/html": [
       "<div>\n",
       "<style scoped>\n",
       "    .dataframe tbody tr th:only-of-type {\n",
       "        vertical-align: middle;\n",
       "    }\n",
       "\n",
       "    .dataframe tbody tr th {\n",
       "        vertical-align: top;\n",
       "    }\n",
       "\n",
       "    .dataframe thead th {\n",
       "        text-align: right;\n",
       "    }\n",
       "</style>\n",
       "<table border=\"1\" class=\"dataframe\">\n",
       "  <thead>\n",
       "    <tr style=\"text-align: right;\">\n",
       "      <th></th>\n",
       "      <th>XCS.TO</th>\n",
       "      <th>XEG.TO</th>\n",
       "      <th>XFN.TO</th>\n",
       "      <th>XGD.TO</th>\n",
       "      <th>XIC.TO</th>\n",
       "      <th>XIT.TO</th>\n",
       "      <th>XIU.TO</th>\n",
       "      <th>XMA.TO</th>\n",
       "      <th>XMD.TO</th>\n",
       "      <th>XRE.TO</th>\n",
       "      <th>XST.TO</th>\n",
       "      <th>XUT.TO</th>\n",
       "      <th>^GSPTSE</th>\n",
       "    </tr>\n",
       "    <tr>\n",
       "      <th>Date</th>\n",
       "      <th></th>\n",
       "      <th></th>\n",
       "      <th></th>\n",
       "      <th></th>\n",
       "      <th></th>\n",
       "      <th></th>\n",
       "      <th></th>\n",
       "      <th></th>\n",
       "      <th></th>\n",
       "      <th></th>\n",
       "      <th></th>\n",
       "      <th></th>\n",
       "      <th></th>\n",
       "    </tr>\n",
       "  </thead>\n",
       "  <tbody>\n",
       "    <tr>\n",
       "      <th>2015-01-02</th>\n",
       "      <td>NaN</td>\n",
       "      <td>NaN</td>\n",
       "      <td>NaN</td>\n",
       "      <td>NaN</td>\n",
       "      <td>NaN</td>\n",
       "      <td>NaN</td>\n",
       "      <td>NaN</td>\n",
       "      <td>NaN</td>\n",
       "      <td>NaN</td>\n",
       "      <td>NaN</td>\n",
       "      <td>NaN</td>\n",
       "      <td>NaN</td>\n",
       "      <td>NaN</td>\n",
       "    </tr>\n",
       "    <tr>\n",
       "      <th>2015-01-05</th>\n",
       "      <td>-0.008125</td>\n",
       "      <td>-0.064266</td>\n",
       "      <td>-0.021437</td>\n",
       "      <td>0.024390</td>\n",
       "      <td>-0.025674</td>\n",
       "      <td>-0.014617</td>\n",
       "      <td>-0.026292</td>\n",
       "      <td>-0.004938</td>\n",
       "      <td>-0.015715</td>\n",
       "      <td>0.010527</td>\n",
       "      <td>-0.018698</td>\n",
       "      <td>-0.001899</td>\n",
       "      <td>-0.024468</td>\n",
       "    </tr>\n",
       "    <tr>\n",
       "      <th>2015-01-06</th>\n",
       "      <td>-0.014895</td>\n",
       "      <td>-0.075565</td>\n",
       "      <td>-0.036255</td>\n",
       "      <td>0.085896</td>\n",
       "      <td>-0.034660</td>\n",
       "      <td>-0.028375</td>\n",
       "      <td>-0.034594</td>\n",
       "      <td>0.027984</td>\n",
       "      <td>-0.029363</td>\n",
       "      <td>0.021672</td>\n",
       "      <td>-0.044605</td>\n",
       "      <td>-0.008547</td>\n",
       "      <td>-0.034358</td>\n",
       "    </tr>\n",
       "    <tr>\n",
       "      <th>2015-01-07</th>\n",
       "      <td>-0.008802</td>\n",
       "      <td>-0.084040</td>\n",
       "      <td>-0.034048</td>\n",
       "      <td>0.071050</td>\n",
       "      <td>-0.032948</td>\n",
       "      <td>-0.022356</td>\n",
       "      <td>-0.031827</td>\n",
       "      <td>0.023869</td>\n",
       "      <td>-0.026055</td>\n",
       "      <td>0.052632</td>\n",
       "      <td>-0.031539</td>\n",
       "      <td>0.000475</td>\n",
       "      <td>-0.031768</td>\n",
       "    </tr>\n",
       "    <tr>\n",
       "      <th>2015-01-08</th>\n",
       "      <td>-0.013541</td>\n",
       "      <td>-0.067797</td>\n",
       "      <td>-0.029319</td>\n",
       "      <td>0.050902</td>\n",
       "      <td>-0.020967</td>\n",
       "      <td>-0.007739</td>\n",
       "      <td>-0.017989</td>\n",
       "      <td>0.024692</td>\n",
       "      <td>-0.019851</td>\n",
       "      <td>0.058205</td>\n",
       "      <td>-0.029061</td>\n",
       "      <td>0.004748</td>\n",
       "      <td>-0.020063</td>\n",
       "    </tr>\n",
       "    <tr>\n",
       "      <th>...</th>\n",
       "      <td>...</td>\n",
       "      <td>...</td>\n",
       "      <td>...</td>\n",
       "      <td>...</td>\n",
       "      <td>...</td>\n",
       "      <td>...</td>\n",
       "      <td>...</td>\n",
       "      <td>...</td>\n",
       "      <td>...</td>\n",
       "      <td>...</td>\n",
       "      <td>...</td>\n",
       "      <td>...</td>\n",
       "      <td>...</td>\n",
       "    </tr>\n",
       "    <tr>\n",
       "      <th>2023-08-02</th>\n",
       "      <td>0.329311</td>\n",
       "      <td>0.380940</td>\n",
       "      <td>0.893302</td>\n",
       "      <td>0.913858</td>\n",
       "      <td>0.750610</td>\n",
       "      <td>2.475399</td>\n",
       "      <td>0.803334</td>\n",
       "      <td>0.635121</td>\n",
       "      <td>0.540923</td>\n",
       "      <td>0.484279</td>\n",
       "      <td>0.965317</td>\n",
       "      <td>0.717299</td>\n",
       "      <td>0.370382</td>\n",
       "    </tr>\n",
       "    <tr>\n",
       "      <th>2023-08-03</th>\n",
       "      <td>0.331523</td>\n",
       "      <td>0.403056</td>\n",
       "      <td>0.881269</td>\n",
       "      <td>0.908220</td>\n",
       "      <td>0.742453</td>\n",
       "      <td>2.426689</td>\n",
       "      <td>0.791605</td>\n",
       "      <td>0.624492</td>\n",
       "      <td>0.542899</td>\n",
       "      <td>0.480641</td>\n",
       "      <td>0.953457</td>\n",
       "      <td>0.672551</td>\n",
       "      <td>0.363773</td>\n",
       "    </tr>\n",
       "    <tr>\n",
       "      <th>2023-08-04</th>\n",
       "      <td>0.344794</td>\n",
       "      <td>0.415441</td>\n",
       "      <td>0.897866</td>\n",
       "      <td>0.936414</td>\n",
       "      <td>0.751698</td>\n",
       "      <td>2.393443</td>\n",
       "      <td>0.802161</td>\n",
       "      <td>0.644865</td>\n",
       "      <td>0.550310</td>\n",
       "      <td>0.488827</td>\n",
       "      <td>0.965791</td>\n",
       "      <td>0.694601</td>\n",
       "      <td>0.371588</td>\n",
       "    </tr>\n",
       "    <tr>\n",
       "      <th>2023-08-08</th>\n",
       "      <td>0.337421</td>\n",
       "      <td>0.429596</td>\n",
       "      <td>0.889568</td>\n",
       "      <td>0.912731</td>\n",
       "      <td>0.750067</td>\n",
       "      <td>2.368701</td>\n",
       "      <td>0.799229</td>\n",
       "      <td>0.636007</td>\n",
       "      <td>0.543887</td>\n",
       "      <td>0.484279</td>\n",
       "      <td>0.973855</td>\n",
       "      <td>0.693304</td>\n",
       "      <td>0.369555</td>\n",
       "    </tr>\n",
       "    <tr>\n",
       "      <th>2023-08-09</th>\n",
       "      <td>0.333734</td>\n",
       "      <td>0.443750</td>\n",
       "      <td>0.885418</td>\n",
       "      <td>0.921753</td>\n",
       "      <td>0.756049</td>\n",
       "      <td>2.374114</td>\n",
       "      <td>0.808026</td>\n",
       "      <td>0.644865</td>\n",
       "      <td>0.550804</td>\n",
       "      <td>0.487007</td>\n",
       "      <td>0.994016</td>\n",
       "      <td>0.706274</td>\n",
       "      <td>0.374250</td>\n",
       "    </tr>\n",
       "  </tbody>\n",
       "</table>\n",
       "<p>2159 rows × 13 columns</p>\n",
       "</div>"
      ],
      "text/plain": [
       "              XCS.TO    XEG.TO    XFN.TO    XGD.TO    XIC.TO    XIT.TO  \\\n",
       "Date                                                                     \n",
       "2015-01-02       NaN       NaN       NaN       NaN       NaN       NaN   \n",
       "2015-01-05 -0.008125 -0.064266 -0.021437  0.024390 -0.025674 -0.014617   \n",
       "2015-01-06 -0.014895 -0.075565 -0.036255  0.085896 -0.034660 -0.028375   \n",
       "2015-01-07 -0.008802 -0.084040 -0.034048  0.071050 -0.032948 -0.022356   \n",
       "2015-01-08 -0.013541 -0.067797 -0.029319  0.050902 -0.020967 -0.007739   \n",
       "...              ...       ...       ...       ...       ...       ...   \n",
       "2023-08-02  0.329311  0.380940  0.893302  0.913858  0.750610  2.475399   \n",
       "2023-08-03  0.331523  0.403056  0.881269  0.908220  0.742453  2.426689   \n",
       "2023-08-04  0.344794  0.415441  0.897866  0.936414  0.751698  2.393443   \n",
       "2023-08-08  0.337421  0.429596  0.889568  0.912731  0.750067  2.368701   \n",
       "2023-08-09  0.333734  0.443750  0.885418  0.921753  0.756049  2.374114   \n",
       "\n",
       "              XIU.TO    XMA.TO    XMD.TO    XRE.TO    XST.TO    XUT.TO  \\\n",
       "Date                                                                     \n",
       "2015-01-02       NaN       NaN       NaN       NaN       NaN       NaN   \n",
       "2015-01-05 -0.026292 -0.004938 -0.015715  0.010527 -0.018698 -0.001899   \n",
       "2015-01-06 -0.034594  0.027984 -0.029363  0.021672 -0.044605 -0.008547   \n",
       "2015-01-07 -0.031827  0.023869 -0.026055  0.052632 -0.031539  0.000475   \n",
       "2015-01-08 -0.017989  0.024692 -0.019851  0.058205 -0.029061  0.004748   \n",
       "...              ...       ...       ...       ...       ...       ...   \n",
       "2023-08-02  0.803334  0.635121  0.540923  0.484279  0.965317  0.717299   \n",
       "2023-08-03  0.791605  0.624492  0.542899  0.480641  0.953457  0.672551   \n",
       "2023-08-04  0.802161  0.644865  0.550310  0.488827  0.965791  0.694601   \n",
       "2023-08-08  0.799229  0.636007  0.543887  0.484279  0.973855  0.693304   \n",
       "2023-08-09  0.808026  0.644865  0.550804  0.487007  0.994016  0.706274   \n",
       "\n",
       "             ^GSPTSE  \n",
       "Date                  \n",
       "2015-01-02       NaN  \n",
       "2015-01-05 -0.024468  \n",
       "2015-01-06 -0.034358  \n",
       "2015-01-07 -0.031768  \n",
       "2015-01-08 -0.020063  \n",
       "...              ...  \n",
       "2023-08-02  0.370382  \n",
       "2023-08-03  0.363773  \n",
       "2023-08-04  0.371588  \n",
       "2023-08-08  0.369555  \n",
       "2023-08-09  0.374250  \n",
       "\n",
       "[2159 rows x 13 columns]"
      ]
     },
     "execution_count": 197,
     "metadata": {},
     "output_type": "execute_result"
    }
   ],
   "source": [
    "(df + 1).cumprod() - 1"
   ]
  },
  {
   "cell_type": "code",
   "execution_count": 198,
   "id": "b11338e5",
   "metadata": {},
   "outputs": [
    {
     "data": {
      "text/plain": [
       "XIT.TO     2.374114\n",
       "XST.TO     0.994016\n",
       "XGD.TO     0.921753\n",
       "XFN.TO     0.885418\n",
       "XIU.TO     0.808026\n",
       "XIC.TO     0.756049\n",
       "XUT.TO     0.706274\n",
       "XMA.TO     0.644865\n",
       "XMD.TO     0.550804\n",
       "XRE.TO     0.487007\n",
       "XEG.TO     0.443750\n",
       "^GSPTSE    0.374250\n",
       "XCS.TO     0.333734\n",
       "Name: 2023-08-09 00:00:00, dtype: float64"
      ]
     },
     "execution_count": 198,
     "metadata": {},
     "output_type": "execute_result"
    }
   ],
   "source": [
    "((df + 1).cumprod() - 1).loc['2023-08-09'].nlargest(len(df))"
   ]
  },
  {
   "cell_type": "markdown",
   "id": "e22a44db",
   "metadata": {},
   "source": [
    "### Findings: \n",
    "\n",
    "- XIT has the highest Sharpe ratio and cumulative returns, followed by XST (Capped Consumer Staples Index ETF)\n",
    "- XGD (S&P/TSX Capped Gold Index) is consistently the most uncorrelated to market, except during critical events such as covid.\n",
    "- For most correlated, the two ETF's are XIC and XIU, with XIU being the better investment in terms of Sharpe ratio, mean daily returns, and cumulated returns. XIC only a slightly less risk as seen from standard deviation. If wanting to track index, XIU is the one to choose.\n",
    "- In critical events, all sectors head towards a correlation of one, meaning if there is a market crash, all sectors also crash. "
   ]
  },
  {
   "cell_type": "code",
   "execution_count": 199,
   "id": "64ede59e",
   "metadata": {},
   "outputs": [
    {
     "data": {
      "text/html": [
       "<div>\n",
       "<style scoped>\n",
       "    .dataframe tbody tr th:only-of-type {\n",
       "        vertical-align: middle;\n",
       "    }\n",
       "\n",
       "    .dataframe tbody tr th {\n",
       "        vertical-align: top;\n",
       "    }\n",
       "\n",
       "    .dataframe thead th {\n",
       "        text-align: right;\n",
       "    }\n",
       "</style>\n",
       "<table border=\"1\" class=\"dataframe\">\n",
       "  <thead>\n",
       "    <tr style=\"text-align: right;\">\n",
       "      <th></th>\n",
       "      <th>XCS.TO</th>\n",
       "      <th>XEG.TO</th>\n",
       "      <th>XFN.TO</th>\n",
       "      <th>XGD.TO</th>\n",
       "      <th>XIC.TO</th>\n",
       "      <th>XIT.TO</th>\n",
       "      <th>XIU.TO</th>\n",
       "      <th>XMA.TO</th>\n",
       "      <th>XMD.TO</th>\n",
       "      <th>XRE.TO</th>\n",
       "      <th>XST.TO</th>\n",
       "      <th>XUT.TO</th>\n",
       "      <th>^GSPTSE</th>\n",
       "    </tr>\n",
       "  </thead>\n",
       "  <tbody>\n",
       "    <tr>\n",
       "      <th>XCS.TO</th>\n",
       "      <td>1.000000</td>\n",
       "      <td>0.681385</td>\n",
       "      <td>0.614223</td>\n",
       "      <td>0.443343</td>\n",
       "      <td>0.803011</td>\n",
       "      <td>0.445212</td>\n",
       "      <td>0.748990</td>\n",
       "      <td>0.660248</td>\n",
       "      <td>0.880782</td>\n",
       "      <td>0.589128</td>\n",
       "      <td>0.355952</td>\n",
       "      <td>0.536807</td>\n",
       "      <td>0.802409</td>\n",
       "    </tr>\n",
       "    <tr>\n",
       "      <th>XEG.TO</th>\n",
       "      <td>0.681385</td>\n",
       "      <td>1.000000</td>\n",
       "      <td>0.612875</td>\n",
       "      <td>0.063915</td>\n",
       "      <td>0.714170</td>\n",
       "      <td>0.235949</td>\n",
       "      <td>0.700544</td>\n",
       "      <td>0.305236</td>\n",
       "      <td>0.677799</td>\n",
       "      <td>0.410051</td>\n",
       "      <td>0.247035</td>\n",
       "      <td>0.394636</td>\n",
       "      <td>0.715046</td>\n",
       "    </tr>\n",
       "    <tr>\n",
       "      <th>XFN.TO</th>\n",
       "      <td>0.614223</td>\n",
       "      <td>0.612875</td>\n",
       "      <td>1.000000</td>\n",
       "      <td>-0.030760</td>\n",
       "      <td>0.890852</td>\n",
       "      <td>0.462247</td>\n",
       "      <td>0.901945</td>\n",
       "      <td>0.226534</td>\n",
       "      <td>0.747294</td>\n",
       "      <td>0.636973</td>\n",
       "      <td>0.528753</td>\n",
       "      <td>0.651894</td>\n",
       "      <td>0.890233</td>\n",
       "    </tr>\n",
       "    <tr>\n",
       "      <th>XGD.TO</th>\n",
       "      <td>0.443343</td>\n",
       "      <td>0.063915</td>\n",
       "      <td>-0.030760</td>\n",
       "      <td>1.000000</td>\n",
       "      <td>0.227489</td>\n",
       "      <td>0.063040</td>\n",
       "      <td>0.186246</td>\n",
       "      <td>0.890779</td>\n",
       "      <td>0.313883</td>\n",
       "      <td>0.123472</td>\n",
       "      <td>0.026593</td>\n",
       "      <td>0.158105</td>\n",
       "      <td>0.227433</td>\n",
       "    </tr>\n",
       "    <tr>\n",
       "      <th>XIC.TO</th>\n",
       "      <td>0.803011</td>\n",
       "      <td>0.714170</td>\n",
       "      <td>0.890852</td>\n",
       "      <td>0.227489</td>\n",
       "      <td>1.000000</td>\n",
       "      <td>0.608600</td>\n",
       "      <td>0.990497</td>\n",
       "      <td>0.501217</td>\n",
       "      <td>0.891473</td>\n",
       "      <td>0.667090</td>\n",
       "      <td>0.586386</td>\n",
       "      <td>0.711328</td>\n",
       "      <td>0.996388</td>\n",
       "    </tr>\n",
       "    <tr>\n",
       "      <th>XIT.TO</th>\n",
       "      <td>0.445212</td>\n",
       "      <td>0.235949</td>\n",
       "      <td>0.462247</td>\n",
       "      <td>0.063040</td>\n",
       "      <td>0.608600</td>\n",
       "      <td>1.000000</td>\n",
       "      <td>0.600574</td>\n",
       "      <td>0.227471</td>\n",
       "      <td>0.536934</td>\n",
       "      <td>0.374970</td>\n",
       "      <td>0.407464</td>\n",
       "      <td>0.382014</td>\n",
       "      <td>0.606192</td>\n",
       "    </tr>\n",
       "    <tr>\n",
       "      <th>XIU.TO</th>\n",
       "      <td>0.748990</td>\n",
       "      <td>0.700544</td>\n",
       "      <td>0.901945</td>\n",
       "      <td>0.186246</td>\n",
       "      <td>0.990497</td>\n",
       "      <td>0.600574</td>\n",
       "      <td>1.000000</td>\n",
       "      <td>0.461037</td>\n",
       "      <td>0.844890</td>\n",
       "      <td>0.635005</td>\n",
       "      <td>0.597082</td>\n",
       "      <td>0.701190</td>\n",
       "      <td>0.990249</td>\n",
       "    </tr>\n",
       "    <tr>\n",
       "      <th>XMA.TO</th>\n",
       "      <td>0.660248</td>\n",
       "      <td>0.305236</td>\n",
       "      <td>0.226534</td>\n",
       "      <td>0.890779</td>\n",
       "      <td>0.501217</td>\n",
       "      <td>0.227471</td>\n",
       "      <td>0.461037</td>\n",
       "      <td>1.000000</td>\n",
       "      <td>0.559734</td>\n",
       "      <td>0.261700</td>\n",
       "      <td>0.165600</td>\n",
       "      <td>0.289891</td>\n",
       "      <td>0.501996</td>\n",
       "    </tr>\n",
       "    <tr>\n",
       "      <th>XMD.TO</th>\n",
       "      <td>0.880782</td>\n",
       "      <td>0.677799</td>\n",
       "      <td>0.747294</td>\n",
       "      <td>0.313883</td>\n",
       "      <td>0.891473</td>\n",
       "      <td>0.536934</td>\n",
       "      <td>0.844890</td>\n",
       "      <td>0.559734</td>\n",
       "      <td>1.000000</td>\n",
       "      <td>0.690900</td>\n",
       "      <td>0.480482</td>\n",
       "      <td>0.665525</td>\n",
       "      <td>0.894681</td>\n",
       "    </tr>\n",
       "    <tr>\n",
       "      <th>XRE.TO</th>\n",
       "      <td>0.589128</td>\n",
       "      <td>0.410051</td>\n",
       "      <td>0.636973</td>\n",
       "      <td>0.123472</td>\n",
       "      <td>0.667090</td>\n",
       "      <td>0.374970</td>\n",
       "      <td>0.635005</td>\n",
       "      <td>0.261700</td>\n",
       "      <td>0.690900</td>\n",
       "      <td>1.000000</td>\n",
       "      <td>0.453560</td>\n",
       "      <td>0.658497</td>\n",
       "      <td>0.668355</td>\n",
       "    </tr>\n",
       "    <tr>\n",
       "      <th>XST.TO</th>\n",
       "      <td>0.355952</td>\n",
       "      <td>0.247035</td>\n",
       "      <td>0.528753</td>\n",
       "      <td>0.026593</td>\n",
       "      <td>0.586386</td>\n",
       "      <td>0.407464</td>\n",
       "      <td>0.597082</td>\n",
       "      <td>0.165600</td>\n",
       "      <td>0.480482</td>\n",
       "      <td>0.453560</td>\n",
       "      <td>1.000000</td>\n",
       "      <td>0.561207</td>\n",
       "      <td>0.584649</td>\n",
       "    </tr>\n",
       "    <tr>\n",
       "      <th>XUT.TO</th>\n",
       "      <td>0.536807</td>\n",
       "      <td>0.394636</td>\n",
       "      <td>0.651894</td>\n",
       "      <td>0.158105</td>\n",
       "      <td>0.711328</td>\n",
       "      <td>0.382014</td>\n",
       "      <td>0.701190</td>\n",
       "      <td>0.289891</td>\n",
       "      <td>0.665525</td>\n",
       "      <td>0.658497</td>\n",
       "      <td>0.561207</td>\n",
       "      <td>1.000000</td>\n",
       "      <td>0.714249</td>\n",
       "    </tr>\n",
       "    <tr>\n",
       "      <th>^GSPTSE</th>\n",
       "      <td>0.802409</td>\n",
       "      <td>0.715046</td>\n",
       "      <td>0.890233</td>\n",
       "      <td>0.227433</td>\n",
       "      <td>0.996388</td>\n",
       "      <td>0.606192</td>\n",
       "      <td>0.990249</td>\n",
       "      <td>0.501996</td>\n",
       "      <td>0.894681</td>\n",
       "      <td>0.668355</td>\n",
       "      <td>0.584649</td>\n",
       "      <td>0.714249</td>\n",
       "      <td>1.000000</td>\n",
       "    </tr>\n",
       "  </tbody>\n",
       "</table>\n",
       "</div>"
      ],
      "text/plain": [
       "           XCS.TO    XEG.TO    XFN.TO    XGD.TO    XIC.TO    XIT.TO    XIU.TO  \\\n",
       "XCS.TO   1.000000  0.681385  0.614223  0.443343  0.803011  0.445212  0.748990   \n",
       "XEG.TO   0.681385  1.000000  0.612875  0.063915  0.714170  0.235949  0.700544   \n",
       "XFN.TO   0.614223  0.612875  1.000000 -0.030760  0.890852  0.462247  0.901945   \n",
       "XGD.TO   0.443343  0.063915 -0.030760  1.000000  0.227489  0.063040  0.186246   \n",
       "XIC.TO   0.803011  0.714170  0.890852  0.227489  1.000000  0.608600  0.990497   \n",
       "XIT.TO   0.445212  0.235949  0.462247  0.063040  0.608600  1.000000  0.600574   \n",
       "XIU.TO   0.748990  0.700544  0.901945  0.186246  0.990497  0.600574  1.000000   \n",
       "XMA.TO   0.660248  0.305236  0.226534  0.890779  0.501217  0.227471  0.461037   \n",
       "XMD.TO   0.880782  0.677799  0.747294  0.313883  0.891473  0.536934  0.844890   \n",
       "XRE.TO   0.589128  0.410051  0.636973  0.123472  0.667090  0.374970  0.635005   \n",
       "XST.TO   0.355952  0.247035  0.528753  0.026593  0.586386  0.407464  0.597082   \n",
       "XUT.TO   0.536807  0.394636  0.651894  0.158105  0.711328  0.382014  0.701190   \n",
       "^GSPTSE  0.802409  0.715046  0.890233  0.227433  0.996388  0.606192  0.990249   \n",
       "\n",
       "           XMA.TO    XMD.TO    XRE.TO    XST.TO    XUT.TO   ^GSPTSE  \n",
       "XCS.TO   0.660248  0.880782  0.589128  0.355952  0.536807  0.802409  \n",
       "XEG.TO   0.305236  0.677799  0.410051  0.247035  0.394636  0.715046  \n",
       "XFN.TO   0.226534  0.747294  0.636973  0.528753  0.651894  0.890233  \n",
       "XGD.TO   0.890779  0.313883  0.123472  0.026593  0.158105  0.227433  \n",
       "XIC.TO   0.501217  0.891473  0.667090  0.586386  0.711328  0.996388  \n",
       "XIT.TO   0.227471  0.536934  0.374970  0.407464  0.382014  0.606192  \n",
       "XIU.TO   0.461037  0.844890  0.635005  0.597082  0.701190  0.990249  \n",
       "XMA.TO   1.000000  0.559734  0.261700  0.165600  0.289891  0.501996  \n",
       "XMD.TO   0.559734  1.000000  0.690900  0.480482  0.665525  0.894681  \n",
       "XRE.TO   0.261700  0.690900  1.000000  0.453560  0.658497  0.668355  \n",
       "XST.TO   0.165600  0.480482  0.453560  1.000000  0.561207  0.584649  \n",
       "XUT.TO   0.289891  0.665525  0.658497  0.561207  1.000000  0.714249  \n",
       "^GSPTSE  0.501996  0.894681  0.668355  0.584649  0.714249  1.000000  "
      ]
     },
     "execution_count": 199,
     "metadata": {},
     "output_type": "execute_result"
    }
   ],
   "source": [
    "df.corr()"
   ]
  },
  {
   "cell_type": "code",
   "execution_count": 200,
   "id": "29d55052",
   "metadata": {},
   "outputs": [
    {
     "data": {
      "text/plain": [
       "^GSPTSE    1.000000\n",
       "XIC.TO     0.996388\n",
       "XIU.TO     0.990249\n",
       "XMD.TO     0.894681\n",
       "XFN.TO     0.890233\n",
       "XCS.TO     0.802409\n",
       "XEG.TO     0.715046\n",
       "XUT.TO     0.714249\n",
       "XRE.TO     0.668355\n",
       "XIT.TO     0.606192\n",
       "XST.TO     0.584649\n",
       "XMA.TO     0.501996\n",
       "XGD.TO     0.227433\n",
       "Name: ^GSPTSE, dtype: float64"
      ]
     },
     "execution_count": 200,
     "metadata": {},
     "output_type": "execute_result"
    }
   ],
   "source": [
    "df.corr()['^GSPTSE'].nlargest(len(df))"
   ]
  },
  {
   "cell_type": "code",
   "execution_count": 201,
   "id": "23599b50",
   "metadata": {},
   "outputs": [
    {
     "data": {
      "text/plain": [
       "<AxesSubplot:>"
      ]
     },
     "execution_count": 201,
     "metadata": {},
     "output_type": "execute_result"
    },
    {
     "data": {
